d_2022 2023  -9 -0.45  14.0970129  <...> EM72HP 23         0  0.44  1  1    0  0  55     2    45
d_2022 2023 -10 -0.40  14.0970427  K4RCC EM85 23           0  0.39  1  1    0  0  14    20    36
d_2022 2023  -4  0.28  14.0970499  WW0WWV DN70 30          0  0.55  1  1    0  0  20    19   174
d_2022 2023 -18 -0.32  14.0970812  N4WIS FM16 23           0  0.24  1  1    0  0  32  3445  -259
d_2022 2023  -2 -0.27  14.0970930  K0XL EN25 40            0  0.51  1  1    0  0  17     1   350
d_2022 2023  -2 -0.40  14.0971002  <...> EM93AO 37         0  0.43  1  1    0  0  62     1   247
d_2022 2023   7  0.58  14.0971471  KR4CSE EM70 30          0  0.42  1  1    0  0  17     3   217
d_2022 2023  -1 -0.23  14.0971504  N8SAN EN82 23           0  0.28  2  1    0  0  27  2603  -242
d_2022 2023  -5 -0.19  14.0971584  KE5ZBG DM75 47          0  0.42  1  1    0  0  25     1   247
d_2022 2023 -22 -0.15  14.0971790  K4CFB FM04 23           0  0.18  1  1   -8  0  29   955  -122
d_2022 2023  -1 -0.15  14.0971949  VE3LPB FN03 23          0  0.44  1  1    0  0  16     4   147
