d_2022 2023   4  -9 -0.4  14.097013  <...> EM72HP 23         0     2    0
d_2022 2023   3 -10 -0.4  14.097043  K4RCC EM85 23           0    20    0
d_2022 2023   5  -4  0.3  14.097050  WW0WWV DN70 30          0    19    0
d_2022 2023   2 -18 -0.3  14.097081  N4WIS FM16 23           0  3445    0
d_2022 2023   5  -2 -0.3  14.097093  K0XL EN25 40            0     1    0
d_2022 2023   4  -2 -0.4  14.097100  <...> EM93AO 37         0     1    0
d_2022 2023   4   7  0.6  14.097147  KR4CSE EM70 30          0     3    0
d_2022 2023   2  -1 -0.2  14.097150  N8SAN EN82 23           0  2603    0
d_2022 2023   4  -5 -0.2  14.097158  KE5ZBG DM75 47          0     1    0
d_2022 2023   1 -22 -0.1  14.097179  K4CFB FM04 23           0   955   -8
d_2022 2023   4  -1 -0.1  14.097195  VE3LPB FN03 23          0     4    0
